subject	linearModel	all_or_none	PE_same	image_activity	cue_activity
1.0000	1.0000	-1.0000	0.3235	0.1127	-0.0267
2.0000	1.0000	-1.0000	0.3177	0.0869	-0.0344
3.0000	1.0000	-1.0000	0.3312	0.0903	-0.0121
4.0000	1.0000	-1.0000	0.3393	0.0673	-0.0324
5.0000	1.0000	-1.0000	0.3221	0.0924	-0.0279
6.0000	1.0000	-1.0000	0.3555	0.1026	-0.0936
7.0000	1.0000	-1.0000	0.3425	0.0933	-0.0166
8.0000	1.0000	-1.0000	0.3275	0.0944	-0.0380
9.0000	1.0000	-1.0000	0.3191	0.1232	0.0467
10.0000	1.0000	-1.0000	0.3373	0.0917	-0.0336
11.0000	1.0000	-1.0000	0.3376	0.0883	-0.0672
12.0000	1.0000	-1.0000	0.3157	0.0993	-0.0537
13.0000	1.0000	-1.0000	0.3061	0.0579	0.0020
14.0000	1.0000	-1.0000	0.3228	0.0761	-0.0271
15.0000	1.0000	-1.0000	0.3180	0.0964	-0.0361
16.0000	1.0000	-1.0000	0.3256	0.0302	-0.0125
17.0000	1.0000	-1.0000	0.3316	0.0635	0.0333
18.0000	1.0000	-1.0000	0.3442	0.0540	-0.0312
19.0000	1.0000	-1.0000	0.3270	0.1041	0.0154
1.0000	2.0000	0.2500	0.3234	0.0798	-0.0306
2.0000	2.0000	0.2500	0.3123	0.1304	-0.0518
3.0000	2.0000	0.2500	0.3303	0.1229	0.0050
4.0000	2.0000	0.2500	0.3392	0.0750	-0.0404
5.0000	2.0000	0.2500	0.3340	0.0538	-0.0332
6.0000	2.0000	0.2500	0.3512	0.0909	-0.0648
7.0000	2.0000	0.2500	0.3339	0.0489	-0.0348
8.0000	2.0000	0.2500	0.3270	0.0985	-0.0414
9.0000	2.0000	0.2500	0.3286	0.0968	0.0133
10.0000	2.0000	0.2500	0.3166	0.0596	-0.0336
11.0000	2.0000	0.2500	0.2762	0.0896	-0.0580
12.0000	2.0000	0.2500	0.3213	0.0892	-0.0536
13.0000	2.0000	0.2500	0.3225	0.0956	0.0011
14.0000	2.0000	0.2500	0.3464	0.1168	-0.0173
15.0000	2.0000	0.2500	0.2999	0.0644	-0.0374
16.0000	2.0000	0.2500	0.3117	0.0559	-0.0163
17.0000	2.0000	0.2500	0.3075	0.0034	0.0194
18.0000	2.0000	0.2500	0.3310	0.0566	-0.0315
19.0000	2.0000	0.2500	0.3329	0.0796	-0.0072
1.0000	3.0000	0.2500	0.3214	0.0741	-0.0169
2.0000	3.0000	0.2500	0.3298	0.1398	-0.0469
3.0000	3.0000	0.2500	0.3087	0.1131	0.0008
4.0000	3.0000	0.2500	0.3423	0.0556	-0.0416
5.0000	3.0000	0.2500	0.3140	0.0433	-0.0500
6.0000	3.0000	0.2500	0.3219	0.0629	-0.0754
7.0000	3.0000	0.2500	0.3239	0.0773	-0.0249
8.0000	3.0000	0.2500	0.3282	0.0780	-0.0400
9.0000	3.0000	0.2500	0.3136	0.0947	0.0309
10.0000	3.0000	0.2500	0.3188	0.0650	-0.0432
11.0000	3.0000	0.2500	0.3034	0.0786	-0.0649
12.0000	3.0000	0.2500	0.3099	0.0867	-0.0686
13.0000	3.0000	0.2500	0.3103	0.0709	-0.0107
14.0000	3.0000	0.2500	0.3391	0.0807	-0.0299
15.0000	3.0000	0.2500	0.2971	0.0564	-0.0464
16.0000	3.0000	0.2500	0.3071	0.0530	-0.0022
17.0000	3.0000	0.2500	0.3186	0.0368	0.0325
18.0000	3.0000	0.2500	0.3242	0.0772	-0.0116
19.0000	3.0000	0.2500	0.3015	0.0872	-0.0117
1.0000	4.0000	0.2500	0.3007	0.0936	-0.0296
2.0000	4.0000	0.2500	0.3169	0.1595	-0.0369
3.0000	4.0000	0.2500	0.3235	0.1386	0.0072
4.0000	4.0000	0.2500	0.3367	0.0775	-0.0231
5.0000	4.0000	0.2500	0.3067	0.0634	-0.0393
6.0000	4.0000	0.2500	0.3189	0.0636	-0.0612
7.0000	4.0000	0.2500	0.3110	0.0920	-0.0388
8.0000	4.0000	0.2500	0.3216	0.0966	-0.0437
9.0000	4.0000	0.2500	0.2833	0.0890	0.0343
10.0000	4.0000	0.2500	0.3267	0.0716	-0.0477
11.0000	4.0000	0.2500	0.3049	0.0786	-0.0686
12.0000	4.0000	0.2500	0.3250	0.0767	-0.0520
13.0000	4.0000	0.2500	0.3180	0.0799	-0.0107
14.0000	4.0000	0.2500	0.3066	0.1070	-0.0167
15.0000	4.0000	0.2500	0.3087	0.0803	-0.0405
16.0000	4.0000	0.2500	0.3238	0.0888	-0.0232
17.0000	4.0000	0.2500	0.3566	0.0040	0.0414
18.0000	4.0000	0.2500	0.3380	0.0486	-0.0235
19.0000	4.0000	0.2500	0.3063	0.0616	-0.0267
1.0000	5.0000	0.2500	0.3284	0.0792	-0.0334
2.0000	5.0000	0.2500	0.3233	0.1452	-0.0354
3.0000	5.0000	0.2500	0.3365	0.1065	0.0031
4.0000	5.0000	0.2500	0.3407	0.1180	-0.0317
5.0000	5.0000	0.2500	0.3106	0.0883	-0.0272
6.0000	5.0000	0.2500	0.2947	0.1361	-0.0679
7.0000	5.0000	0.2500	0.3035	0.0960	-0.0463
8.0000	5.0000	0.2500	0.3142	0.1161	-0.0406
9.0000	5.0000	0.2500	0.2959	0.0863	0.0159
10.0000	5.0000	0.2500	0.3366	0.0657	-0.0514
11.0000	5.0000	0.2500	0.3321	0.0953	-0.0633
12.0000	5.0000	0.2500	0.3464	0.0713	-0.0547
13.0000	5.0000	0.2500	0.3087	0.1038	-0.0063
14.0000	5.0000	0.2500	0.3117	0.1448	-0.0537
15.0000	5.0000	0.2500	0.3152	0.0891	-0.0517
16.0000	5.0000	0.2500	0.3521	0.0572	-0.0311
17.0000	5.0000	0.2500	0.2951	0.0483	0.0398
18.0000	5.0000	0.2500	0.3242	0.1141	-0.0327
19.0000	5.0000	0.2500	0.3222	0.1017	-0.0291
